0.000000 0.022600
0.001001 0.475116
0.002002 0.514524
0.003003 0.471403
0.004004 0.424784
0.005005 0.179929
0.006006 0.156506
0.007007 0.641589
0.008008 0.931228
0.009009 0.564437
0.010010 0.260155
0.011011 0.073044
0.012012 -0.343064
0.013013 -0.258724
0.014014 -0.030154
0.015015 -0.020458
0.016016 -0.266636
0.017017 -0.385654
0.018018 -0.713321
0.019019 -0.703100
0.020020 -0.486447
0.021021 -0.069681
0.022022 -0.075848
0.023023 -0.245398
0.024024 -0.176110
0.025025 -0.245972
0.026026 -0.120751
0.027027 0.438759
0.028028 0.688059
0.029029 0.631875
0.030030 0.579800
0.031031 0.340512
0.032032 0.078316
0.033033 0.365406
0.034034 0.656505
0.035035 0.586662
0.036036 0.318075
0.037037 -0.011380
0.038038 -0.209318
0.039039 -0.558380
0.040040 -0.332614
0.041041 0.081253
0.042042 -0.176464
0.043043 -0.443724
0.044044 -0.660566
0.045045 -0.827953
0.046046 -0.693557
0.047047 -0.159373
0.048048 0.116454
0.049049 0.116399
0.050050 0.059240
0.051051 -0.120647
0.052052 -0.025826
0.053053 0.231036
0.054054 0.771173
0.055055 0.829430
0.056056 0.669836
0.057057 0.503161
0.058058 0.215422
0.059059 0.041640
0.060060 0.392578
0.061061 0.554913
0.062062 0.360036
0.063063 -0.029266
0.064064 -0.229897
0.065065 -0.534305
0.066066 -0.490097
0.067067 -0.245620
0.068068 -0.015938
0.069069 -0.289446
0.070070 -0.460571
0.071071 -0.525637
0.072072 -0.610621
0.073073 -0.351807
0.074074 0.171817
0.075075 0.409899
0.076076 0.261827
0.077077 0.328219
0.078078 0.192215
0.079079 0.134505
0.080080 0.572277
0.081081 0.875163
0.082082 0.717561
0.083083 0.553286
0.084084 0.333136
0.085085 -0.000559
0.086086 -0.014812
0.087087 0.283302
0.088088 0.315715
0.089089 -0.056052
0.090090 -0.213287
0.091091 -0.489167
0.092092 -0.698148
0.093093 -0.521374
0.094094 -0.136057
0.095095 -0.115802
0.096096 -0.272993
0.097097 -0.221732
0.098098 -0.463842
0.099099 -0.401264
0.100100 0.120740
0.101101 0.492258
0.102102 0.483774
0.103103 0.439416
0.104104 0.390251
0.105105 0.231021
0.106106 0.328417
0.107107 0.791656
0.108108 0.743977
0.109109 0.540030
0.110110 0.254186
0.111111 0.134239
0.112112 -0.208984
0.113113 -0.137242
0.114114 0.173149
0.115115 -0.011853
0.116116 -0.364219
0.117117 -0.392424
0.118118 -0.797388
0.119119 -0.728249
0.120120 -0.451570
0.121121 -0.001020
0.122122 -0.119912
0.123123 -0.195314
0.124124 -0.179928
0.125125 -0.223442
0.126126 -0.042481
0.127127 0.510956
0.128128 0.627044
0.129129 0.639697
0.130130 0.495249
0.131131 0.247524
0.132132 0.188938
0.133133 0.532127
0.134134 0.777717
0.135135 0.694320
0.136136 0.331610
0.137137 0.045827
0.138138 -0.237386
0.139139 -0.411145
0.140140 -0.120192
0.141141 0.002130
0.142142 -0.211482
0.143143 -0.291327
0.144144 -0.504725
0.145145 -0.745653
0.146146 -0.583391
0.147147 -0.026817
0.148148 0.217006
0.149149 0.103746
0.150150 0.146903
0.151151 -0.027626
0.152152 0.006040
0.153153 0.393155
0.154154 1.006069
0.155155 0.917463
0.156156 0.627760
0.157157 0.516031
0.158158 0.321632
0.159159 0.166605
0.160160 0.510514
0.161161 0.671352
0.162162 0.304369
0.163163 -0.004804
0.164164 -0.182671
0.165165 -0.489636
0.166166 -0.417575
0.167167 -0.124629
0.168168 -0.065113
0.169169 -0.218996
0.170170 -0.404552
0.171171 -0.583794
0.172172 -0.677617
0.173173 -0.189290
0.174174 0.340751
0.175175 0.393449
0.176176 0.227982
0.177177 0.290241
0.178178 0.166325
0.179179 0.237760
0.180180 0.629480
0.181181 1.010112
0.182182 0.811752
0.183183 0.501171
0.184184 0.365147
0.185185 0.087306
0.186186 0.009232
0.187187 0.357686
0.188188 0.369105
0.189189 0.056953
0.190190 -0.242467
0.191191 -0.509037
0.192192 -0.655159
0.193193 -0.406359
0.194194 -0.090914
0.195195 -0.021266
0.196196 -0.181291
0.197197 -0.282494
0.198198 -0.404000
0.199199 -0.331231
0.200200 0.304059
0.201201 0.681135
0.202202 0.579384
0.203203 0.490142
0.204204 0.411408
0.205205 0.219839
0.206206 0.346231
0.207207 0.896848
0.208208 0.779846
0.209209 0.598650
0.210210 0.369845
0.211211 0.066113
0.212212 -0.167043
0.213213 0.016328
0.214214 0.152856
0.215215 0.043364
0.216216 -0.227163
0.217217 -0.505196
0.218218 -0.633955
0.219219 -0.665799
0.220220 -0.129501
0.221221 0.107481
0.222222 0.054175
0.223223 0.025486
0.224224 -0.178448
0.225225 -0.242626
0.226226 0.069802
0.227227 0.679264
0.228228 0.788571
0.229229 0.599414
0.230230 0.685460
0.231231 0.441032
0.232232 0.266972
0.233233 0.485475
0.234234 0.813485
0.235235 0.658555
0.236236 0.356597
0.237237 0.110987
0.238238 -0.259149
0.239239 -0.309213
0.240240 -0.196402
0.241241 0.160132
0.242242 -0.227005
0.243243 -0.406364
0.244244 -0.430041
0.245245 -0.724954
0.246246 -0.535762
0.247247 0.002160
0.248248 0.170532
0.249249 0.187403
0.250250 0.122541
0.251251 0.123697
0.252252 0.033619
0.253253 0.373478
0.254254 0.902797
0.255255 0.811111
0.256256 0.680695
0.257257 0.520435
0.258258 0.317267
0.259259 0.300417
0.260260 0.509321
0.261261 0.624185
0.262262 0.378084
0.263263 0.153228
0.264264 -0.227068
0.265265 -0.525270
0.266266 -0.438972
0.267267 -0.096912
0.268268 0.009906
0.269269 -0.262715
0.270270 -0.257590
0.271271 -0.470717
0.272272 -0.502657
0.273273 -0.101565
0.274274 0.319347
0.275275 0.376408
0.276276 0.364660
0.277277 0.365987
0.278278 0.268398
0.279279 0.390676
0.280280 0.809257
0.281281 0.992880
0.282282 0.748031
0.283283 0.549954
0.284284 0.380953
0.285285 0.102624
0.286286 0.106391
0.287287 0.416285
0.288288 0.347433
0.289289 0.052198
0.290290 -0.253479
0.291291 -0.464759
0.292292 -0.660979
0.293293 -0.352638
0.294294 0.005849
0.295295 -0.103602
0.296296 -0.204060
0.297297 -0.247038
0.298298 -0.320078
0.299299 -0.238567
0.300300 0.324009
0.301301 0.682081
0.302302 0.571901
0.303303 0.517559
0.304304 0.412728
0.305305 0.386530
0.306306 0.430488
0.307307 0.909596
0.308308 0.973879
0.309309 0.627360
0.310310 0.442679
0.311311 0.024617
0.312312 -0.193379
0.313313 0.063051
0.314314 0.252341
0.315315 0.087788
0.316316 -0.214963
0.317317 -0.356250
0.318318 -0.652634
0.319319 -0.612350
0.320320 -0.098098
0.321321 -0.000779
0.322322 -0.007309
0.323323 -0.013290
0.324324 -0.077769
0.325325 -0.086930
0.326326 0.096727
0.327327 0.684161
0.328328 0.887562
0.329329 0.663981
0.330330 0.685849
0.331331 0.528259
0.332332 0.355786
0.333333 0.650485
0.334334 0.822638
0.335335 0.753945
0.336336 0.487415
0.337337 0.100716
0.338338 -0.251814
0.339339 -0.400659
0.340340 -0.038978
0.341341 0.157562
0.342342 -0.212607
0.343343 -0.265261
0.344344 -0.395524
0.345345 -0.659932
0.346346 -0.388201
0.347347 0.165896
0.348348 0.230842
0.349349 0.192533
0.350350 0.257607
0.351351 0.149940
0.352352 0.115945
0.353353 0.572772
0.354354 1.019265
0.355355 0.915448
0.356356 0.732572
0.357357 0.636388
0.358358 0.290731
0.359359 0.343224
0.360360 0.667798
0.361361 0.616058
0.362362 0.292749
0.363363 0.054120
0.364364 -0.230661
0.365365 -0.529978
0.366366 -0.419401
0.367367 0.051571
0.368368 -0.086450
0.369369 -0.254938
0.370370 -0.448040
0.371371 -0.450322
0.372372 -0.495092
0.373373 -0.035884
0.374374 0.439326
0.375375 0.413378
0.376376 0.388311
0.377377 0.317374
0.378378 0.295819
0.379379 0.355785
0.380380 0.801218
0.381381 1.096501
0.382382 0.804833
0.383383 0.543248
0.384384 0.381131
0.385385 0.078136
0.386386 0.196952
0.387387 0.434436
0.388388 0.364031
0.389389 -0.039370
0.390390 -0.195742
0.391391 -0.422584
0.392392 -0.684262
0.393393 -0.277589
0.394394 0.079248
0.395395 -0.063228
0.396396 -0.170566
0.397397 -0.175405
0.398398 -0.372924
0.399399 -0.053447
0.400400 0.366512
0.401401 0.636007
0.402402 0.633757
0.403403 0.531946
0.404404 0.491541
0.405405 0.331053
0.406406 0.484924
0.407407 0.971448
0.408408 0.904182
0.409409 0.625630
0.410410 0.409862
0.411411 0.041727
0.412412 -0.073078
0.413413 0.028391
0.414414 0.342182
0.415415 0.038981
0.416416 -0.229741
0.417417 -0.404707
0.418418 -0.582874
0.419419 -0.590409
0.420420 -0.068166
0.421421 0.158604
0.422422 0.076099
0.423423 -0.079306
0.424424 -0.115248
0.425425 -0.075560
0.426426 0.214108
0.427427 0.737170
0.428428 0.898364
0.429429 0.682894
0.430430 0.698053
0.431431 0.439837
0.432432 0.394918
0.433433 0.745615
0.434434 0.899287
0.435435 0.604573
0.436436 0.324427
0.437437 0.100355
0.438438 -0.158066
0.439439 -0.303554
0.440440 0.032974
0.441441 0.118508
0.442442 -0.218067
0.443443 -0.287551
0.444444 -0.450999
0.445445 -0.611759
0.446446 -0.268224
0.447447 0.189750
0.448448 0.356593
0.449449 0.202947
0.450450 0.212485
0.451451 0.126341
0.452452 0.247214
0.453453 0.757415
0.454454 1.070142
0.455455 0.834749
0.456456 0.723014
0.457457 0.612690
0.458458 0.249110
0.459459 0.419749
0.460460 0.575663
0.461461 0.611830
0.462462 0.274174
0.463463 0.023227
0.464464 -0.143723
0.465465 -0.413350
0.466466 -0.223471
0.467467 0.006127
0.468468 -0.053024
0.469469 -0.280237
0.470470 -0.332695
0.471471 -0.400294
0.472472 -0.377929
0.473473 0.147647
0.474474 0.542910
0.475475 0.481152
0.476476 0.313617
0.477477 0.297900
0.478478 0.190525
0.479479 0.409352
0.480480 0.786404
0.481481 1.029463
0.482482 0.803690
0.483483 0.597776
0.484484 0.337390
0.485485 0.061053
0.486486 0.260123
0.487487 0.465443
0.488488 0.381308
0.489489 -0.013065
0.490490 -0.155766
0.491491 -0.488856
0.492492 -0.627567
0.493493 -0.233122
0.494494 0.113020
0.495495 -0.019870
0.496496 -0.093678
0.497497 -0.255327
0.498498 -0.379028
0.499499 -0.096049
0.500501 0.524335
0.501502 0.694655
0.502503 0.586510
0.503504 0.633129
0.504505 0.360210
0.505506 0.321209
0.506507 0.565982
0.507508 1.000528
0.508509 0.908031
0.509510 0.586392
0.510511 0.367740
0.511512 0.105788
0.512513 -0.205975
0.513514 0.161952
0.514515 0.404125
0.515516 0.061153
0.516517 -0.280309
0.517518 -0.333334
0.518519 -0.694279
0.519520 -0.491212
0.520521 0.019235
0.521522 0.184448
0.522523 -0.059847
0.523524 -0.041729
0.524525 -0.070269
0.525526 -0.110510
0.526527 0.296601
0.527528 0.696163
0.528529 0.786108
0.529530 0.666966
0.530531 0.579500
0.531532 0.479768
0.532533 0.297556
0.533534 0.706361
0.534535 0.900116
0.535536 0.566207
0.536537 0.366852
0.537538 0.082439
0.538539 -0.191462
0.539540 -0.219426
0.540541 -0.023126
0.541542 0.072304
0.542543 -0.147141
0.543544 -0.275255
0.544545 -0.504329
0.545546 -0.521953
0.546547 -0.222337
0.547548 0.205788
0.548549 0.271433
0.549550 0.074000
0.550551 0.185791
0.551552 0.072901
0.552553 0.255406
0.553554 0.660441
0.554555 0.887689
0.555556 0.879133
0.556557 0.691767
0.557558 0.619573
0.558559 0.232417
0.559560 0.374619
0.560561 0.734766
0.561562 0.537666
0.562563 0.248142
0.563564 0.086763
0.564565 -0.199080
0.565566 -0.500421
0.566567 -0.275059
0.567568 0.049803
0.568569 -0.113644
0.569570 -0.276106
0.570571 -0.351983
0.571572 -0.427659
0.572573 -0.358720
0.573574 0.183485
0.574575 0.491918
0.575576 0.478569
0.576577 0.362089
0.577578 0.419830
0.578579 0.238126
0.579580 0.484866
0.580581 0.939724
0.581582 1.014667
0.582583 0.767216
0.583584 0.552458
0.584585 0.379456
0.585586 0.091035
0.586587 0.224203
0.587588 0.549150
0.588589 0.289784
0.589590 -0.091697
0.590591 -0.193456
0.591592 -0.483902
0.592593 -0.621515
0.593594 -0.198978
0.594595 0.057931
0.595596 -0.074836
0.596597 -0.088545
0.597598 -0.170373
0.598599 -0.336885
0.599600 -0.000766
0.600601 0.478664
0.601602 0.680156
0.602603 0.499986
0.603604 0.697696
0.604605 0.398526
0.605606 0.357127
0.606607 0.561564
0.607608 0.929298
0.608609 0.870791
0.609610 0.512432
0.610611 0.295950
0.611612 -0.053989
0.612613 -0.114881
0.613614 0.244739
0.614615 0.247238
0.615616 0.006063
0.616617 -0.329182
0.617618 -0.436021
0.618619 -0.644824
0.619620 -0.484359
0.620621 0.038430
0.621622 0.057638
0.622623 0.117971
0.623624 -0.018802
0.624625 -0.066231
0.625626 -0.026590
0.626627 0.427160
0.627628 0.772340
0.628629 0.752663
0.629630 0.699542
0.630631 0.565578
0.631632 0.348576
0.632633 0.336906
0.633634 0.686383
0.634635 0.827893
0.635636 0.529790
0.636637 0.368946
0.637638 -0.051400
0.638639 -0.300685
0.639640 -0.238130
0.640641 0.046106
0.641642 0.084706
0.642643 -0.185271
0.643644 -0.346788
0.644645 -0.507941
0.645646 -0.734678
0.646647 -0.221289
0.647648 0.199782
0.648649 0.121052
0.649650 0.181676
0.650651 0.230851
0.651652 -0.017444
0.652653 0.150088
0.653654 0.762131
0.654655 0.925775
0.655656 0.856933
0.656657 0.670387
0.657658 0.563721
0.658659 0.258425
0.659660 0.321767
0.660661 0.673825
0.661662 0.677116
0.662663 0.253710
0.663664 0.024159
0.664665 -0.318002
0.665666 -0.532333
0.666667 -0.265689
0.667668 0.100512
0.668669 -0.077878
0.669670 -0.298528
0.670671 -0.376343
0.671672 -0.488827
0.672673 -0.355157
0.673674 0.152589
0.674675 0.450632
0.675676 0.426398
0.676677 0.284179
0.677678 0.287861
0.678679 0.228868
0.679680 0.413911
0.680681 0.943805
0.681682 0.978896
0.682683 0.740931
0.683684 0.578267
0.684685 0.210510
0.685686 -0.029922
0.686687 0.308256
0.687688 0.497068
0.688689 0.150676
0.689690 0.008293
0.690691 -0.252590
0.691692 -0.620145
0.692693 -0.649129
0.693694 -0.113116
0.694695 -0.058864
0.695696 -0.095967
0.696697 -0.147600
0.697698 -0.275227
0.698699 -0.352611
0.699700 -0.075904
0.700701 0.493504
0.701702 0.728186
0.702703 0.534688
0.703704 0.560065
0.704705 0.430924
0.705706 0.337050
0.706707 0.605201
0.707708 1.054454
0.708709 0.802601
0.709710 0.459683
0.710711 0.311298
0.711712 -0.025667
0.712713 -0.105957
0.713714 0.185563
0.714715 0.220248
0.715716 0.000196
0.716717 -0.278396
0.717718 -0.459720
0.718719 -0.729367
0.719720 -0.366432
0.720721 -0.017372
0.721722 0.079773
0.722723 -0.037454
0.723724 -0.032744
0.724725 -0.132198
0.725726 -0.086780
0.726727 0.460652
0.727728 0.804174
0.728729 0.734066
0.729730 0.582648
0.730731 0.542356
0.731732 0.360793
0.732733 0.377294
0.733734 0.677596
0.734735 0.764440
0.735736 0.522363
0.736737 0.203916
0.737738 0.021832
0.738739 -0.399343
0.739740 -0.203943
0.740741 0.067606
0.741742 -0.000064
0.742743 -0.126737
0.743744 -0.455435
0.744745 -0.623424
0.745746 -0.590306
0.746747 -0.227699
0.747748 0.177464
0.748749 0.169977
0.749750 0.138653
0.750751 0.200494
0.751752 0.021371
0.752753 0.228250
0.753754 0.693419
0.754755 0.877023
0.755756 0.671625
0.756757 0.633832
0.757758 0.446468
0.758759 0.166191
0.759760 0.357784
0.760761 0.617878
0.761762 0.528767
0.762763 0.129117
0.763764 -0.016966
0.764765 -0.371383
0.765766 -0.581267
0.766767 -0.238703
0.767768 -0.055973
0.768769 -0.198854
0.769770 -0.301672
0.770771 -0.445631
0.771772 -0.577163
0.772773 -0.328375
0.773774 0.188805
0.774775 0.407138
0.775776 0.291778
0.776777 0.289888
0.777778 0.295334
0.778779 0.192873
0.779780 0.539270
0.780781 0.868291
0.781782 0.907857
0.782783 0.587066
0.783784 0.531334
0.784785 0.193302
0.785786 -0.110509
0.786787 0.172043
0.787788 0.447673
0.788789 0.188629
0.789790 -0.134346
0.790791 -0.323277
0.791792 -0.510896
0.792793 -0.613792
0.793794 -0.218412
0.794795 0.025884
0.795796 -0.247011
0.796797 -0.217173
0.797798 -0.279125
0.798799 -0.369938
0.799800 -0.019816
0.800801 0.588090
0.801802 0.588519
0.802803 0.544800
0.803804 0.372496
0.804805 0.444443
0.805806 0.221582
0.806807 0.579421
0.807808 0.782895
0.808809 0.656057
0.809810 0.502476
0.810811 0.162106
0.811812 -0.054445
0.812813 -0.156491
0.813814 0.103649
0.814815 0.147799
0.815816 -0.019933
0.816817 -0.332590
0.817818 -0.513571
0.818819 -0.789040
0.819820 -0.474132
0.820821 -0.025601
0.821822 0.028318
0.822823 -0.076110
0.823824 -0.100854
0.824825 -0.164416
0.825826 -0.051448
0.826827 0.412199
0.827828 0.793621
0.828829 0.680730
0.829830 0.580932
0.830831 0.508615
0.831832 0.290696
0.832833 0.301607
0.833834 0.642003
0.834835 0.749879
0.835836 0.450201
0.836837 0.227094
0.837838 -0.169354
0.838839 -0.422415
0.839840 -0.225241
0.840841 0.076054
0.841842 -0.001653
0.842843 -0.350686
0.843844 -0.519736
0.844845 -0.745626
0.845846 -0.591164
0.846847 -0.161455
0.847848 0.157488
0.848849 0.208695
0.849850 0.109837
0.850851 0.123325
0.851852 -0.023862
0.852853 0.240609
0.853854 0.769534
0.854855 0.932133
0.855856 0.620561
0.856857 0.513691
0.857858 0.312108
0.858859 0.215237
0.859860 0.360902
0.860861 0.626830
0.861862 0.369062
0.862863 0.085316
0.863864 -0.096310
0.864865 -0.452089
0.865866 -0.612979
0.866867 -0.241017
0.867868 -0.148561
0.868869 -0.305550
0.869870 -0.361602
0.870871 -0.514808
0.871872 -0.544587
0.872873 -0.404872
0.873874 0.120091
0.874875 0.339242
0.875876 0.436987
0.876877 0.382453
0.877878 0.145629
0.878879 0.077818
0.879880 0.567320
0.880881 0.947249
0.881882 0.884825
0.882883 0.545123
0.883884 0.356257
0.884885 0.035123
0.885886 -0.115052
0.886887 0.290164
0.887888 0.308081
0.888889 0.072322
0.889890 -0.160481
0.890891 -0.454262
0.891892 -0.770801
0.892893 -0.620028
0.893894 -0.210403
0.894895 -0.131410
0.895896 -0.402133
0.896897 -0.341789
0.897898 -0.438006
0.898899 -0.444631
0.899900 -0.027713
0.900901 0.495452
0.901902 0.558011
0.902903 0.493172
0.903904 0.505900
0.904905 0.226490
0.905906 0.261560
0.906907 0.720305
0.907908 0.921793
0.908909 0.604355
0.909910 0.325770
0.910911 0.147855
0.911912 -0.203941
0.912913 -0.164649
0.913914 0.097412
0.914915 0.038895
0.915916 -0.192127
0.916917 -0.458411
0.917918 -0.596668
0.918919 -0.769839
0.919920 -0.582784
0.920921 -0.110556
0.921922 0.004984
0.922923 -0.081411
0.923924 -0.078398
0.924925 -0.233673
0.925926 -0.006522
0.926927 0.444609
0.927928 0.658502
0.928929 0.624309
0.929930 0.530811
0.930931 0.431617
0.931932 0.269161
0.932933 0.392032
0.933934 0.684388
0.934935 0.584386
0.935936 0.401725
0.936937 0.088745
0.937938 -0.216324
0.938939 -0.421543
0.939940 -0.243703
0.940941 0.023141
0.941942 -0.164725
0.942943 -0.421791
0.943944 -0.570704
0.944945 -0.668501
0.945946 -0.700105
0.946947 -0.205404
0.947948 0.119319
0.948949 0.070702
0.949950 0.022886
0.950951 0.069101
0.951952 -0.010543
0.952953 0.184768
0.953954 0.678788
0.954955 0.774661
0.955956 0.583925
0.956957 0.561964
0.957958 0.241030
0.958959 0.057390
0.959960 0.369955
0.960961 0.552942
0.961962 0.281776
0.962963 0.004984
0.963964 -0.250731
0.964965 -0.664137
0.965966 -0.673062
0.966967 -0.254107
0.967968 -0.176136
0.968969 -0.349512
0.969970 -0.440327
0.970971 -0.644284
0.971972 -0.649513
0.972973 -0.409527
0.973974 0.117506
0.974975 0.278780
0.975976 0.135389
0.976977 0.253927
0.977978 0.221966
0.978979 0.125727
0.979980 0.466171
0.980981 0.842735
0.981982 0.753793
0.982983 0.434189
0.983984 0.300354
0.984985 -0.084589
0.985986 -0.065906
0.986987 0.098325
0.987988 0.279760
0.988989 -0.064109
0.989990 -0.175866
0.990991 -0.484925
0.991992 -0.848651
0.992993 -0.666314
0.993994 -0.229898
0.994995 -0.134706
0.995996 -0.414784
0.996997 -0.456363
0.997998 -0.431805
0.998999 -0.395248
1.000000 0.016229
